 NGC104     47Tuc         305.89  -44.89    4.5   
 NGC288     NA            152.30  -89.38    8.9  
 NGC362     NA            301.53  -46.25    8.6  
 Whiting1   NA            161.22  -60.76   30.1  
 NGC1261    NA            270.54  -52.12   16.3  
 Pal1       NA            130.06   19.03   11.1  
 AM1        E1            258.34  -48.47  123.3 
 Eridanus   NA            218.10  -41.33   90.1  
 Pal2       NA            170.53   -9.07   27.2  
 NGC1851    NA            244.51  -35.03   12.1  
 NGC1904    M79           227.23  -29.35   12.9  
 NGC2298    NA            245.63  -16.00   10.8  
 NGC2419    NA            180.37   25.24   82.6  
 Ko2        NA            195.12   25.54   34.7  
 Pyxis      NA            261.32    7.00   39.4  
 NGC2808    NA            282.19  -11.25    9.6  
 E3         NA            292.27  -19.02    8.1   
 Pal3       NA            240.15   41.86   92.5  
 NGC3201    NA            277.23    8.64    4.9   
 Pal4       NA            202.31   71.80  108.7 
 Ko1        NA            260.99   70.75   48.3  
 NGC4147    NA            252.85   77.19   19.3  
 NGC4372    NA            300.99   -9.88    5.8  
 Rup106     NA            300.88   11.67   21.2  
 NGC4590    M68           299.63   36.05   10.3  
 NGC4833    NA            303.60   -8.02    6.6   
 NGC5024    M53           332.96   79.76   17.9  
 NGC5053    NA            335.70   78.95   17.4  
 NGC5139    OmegaCen      309.10   14.97    5.2  
 NGC5272    M3             42.22   78.71   10.2  
 NGC5286    NA            311.61   10.57   11.7  
 AM4        NA            320.28   33.51   32.2  
 NGC5466    NA             42.15   73.59   16.0  
 NGC5634    NA            342.21   49.26   25.2  
 NGC5694    NA            331.06   30.36   35.0  
 IC4499     NA            307.35  -20.47   18.8  
 NGC5824    NA            332.56   22.07   32.1  
 Pal5       NA              0.85   45.86   23.2  
 NGC5897    NA            342.95   30.29   12.5  
 NGC5904    M5              3.86   46.80    7.5  
 NGC5927    NA            326.60    4.86    7.7  
 NGC5946    NA            327.58    4.19   10.6 
 BH176      NA            328.41    4.34   18.9 
 NGC5986    NA            337.02   13.27   10.4 
 Lynga7     BH184         328.77   -2.80    8.0 
 Pal14      AvdB           28.74   42.19   76.5 
 NGC6093    M80           352.67   19.46   10.0 
 NGC6121    M4            350.97   15.97    2.2 
 NGC6101    NA            317.74  -15.82   15.4 
 NGC6144    NA            351.93   15.70    8.9 
 NGC6139    NA            342.37    6.94   10.1 
 Terzan3    NA            345.08    9.19    8.2 
 NGC6171    M107            3.37   23.01    6.4 
 1636-283   ESO452-SC11   351.91   12.10    8.3 
 NGC6205    M13            59.01   40.91    7.1 
 NGC6229    NA             73.64   40.31   30.5 
 NGC6218    M12            15.72   26.31    4.8  
 FSR1735    NA            339.19   -1.85    9.8 
 NGC6235    NA            358.92   13.52   11.5 
 NGC6254    M10            15.14   23.08    4.4 
 NGC6256    NA            347.79    3.31   10.3 
 Pal15      NA             18.88   24.30   45.1 
 NGC6266    M62           353.57    7.32    6.8 
 NGC6273    M19           356.87    9.38    8.8 
 NGC6284    NA            358.35    9.94   15.3 
 NGC6287    NA              0.13   11.02    9.4 
 NGC6293    NA            357.62    7.83    9.5 
 NGC6304    NA            355.83    5.38    5.9 
 NGC6316    NA            357.18    5.76   10.4 
 NGC6341    M92            68.34   34.86    8.3 
 NGC6325    NA              0.97    8.00    7.8 
 NGC6333    M9              5.54   10.71    7.9 
 NGC6342    NA              4.90    9.72    8.5 
 NGC6356    NA              6.72   10.22   15.1 
 NGC6355    NA            359.59    5.43    9.2 
 NGC6352    NA            341.42   -7.17    5.6 
 IC1257     NA             16.54   15.15   25.0 
 Terzan2    HP3           356.32    2.30    7.5 
 NGC6366    NA             18.41   16.04    3.5 
 Terzan4    HP4            356.02    1.31    7.2 
 HP1        BH229          357.44    2.12    8.2 
 NGC6362    NA             325.55  -17.57    7.6 
 Liller1    NA             354.84   -0.16    8.2  
 NGC6380    Ton1           350.18   -3.42   10.9  
 Terzan1    HP2            357.57    1.00    6.7 
 Ton2       Pismis26       350.80   -3.42    8.2 
 NGC6388    NA             345.56   -6.74    9.9  
 NGC6402    M14             21.32   14.81    9.3 
 NGC6401    NA               3.45    3.98   10.6 
 NGC6397    NA             338.17  -11.96    2.3 
 Pal6       NA               2.10    1.78    5.8 
 NGC6426    NA              28.09   16.23   20.6 
 Djorg1     NA             356.69   -2.47   13.7  
 Terzan5    Terzan11         3.84    1.69    6.9 
 NGC6440    NA               7.73    3.80    8.5
 NGC6441    NA             353.53   -5.01   11.6 
 Terzan6    HP5            358.57   -2.16    6.8 
 NGC6453    NA             355.72   -3.87   11.6 
 UKS1       NA               5.13    0.76    7.8 
 NGC6496    NA             348.03  -10.01   11.3  
 Terzan9    NA               3.61   -1.99    7.1 
 Djorg2     ESO456-SC38      2.77   -2.50    6.3  
 NGC6517    NA              19.23    6.76   10.6 
 Terzan10   NA               4.49   -1.99    5.8 
 NGC6522    NA               1.02   -3.93    7.7 
 NGC6535    NA              27.18   10.44    6.8 
 NGC6528    NA               1.14   -4.17    7.9  
 NGC6539    NA              20.80    6.78    7.8 
 NGC6540    Djorg3           3.29   -3.31    5.3 
 NGC6544    NA               5.84   -2.20    3.0 
 NGC6541    NA             349.29  -11.19    7.5 
 2MS-GC01   2MASS-GC01      10.48    0.11    3.6 
 ESO-SC06   ESO280-SC06    346.90  -12.57   21.4
 NGC6553    NA               5.26   -3.03    6.0 
 2MS-GC02   2MASS-GC02       9.79   -0.61    4.9 
 NGC6558    NA               0.20   -6.02    7.4
 IC1276     Pal7            21.83    5.67    5.4 
 Terzan12   NA               8.37   -2.10    4.8 
 NGC6569    NA               0.48   -6.68   10.9 
 BH261      AL3              3.36   -5.27    6.5 
 GLIMPSE02  NA              14.14   -0.64    5.5  
 NGC6584    NA             342.14  -16.41   13.5 
 NGC6624    NA               2.79   -7.91    7.9 
 NGC6626    M28              7.80   -5.58    5.5 
 NGC6638    NA               7.90   -7.15    9.4 
 NGC6637    M69              1.72  -10.27    8.8 
 NGC6642    NA               9.81   -6.44    8.1 
 NGC6652    NA               1.53  -11.38   10.0 
 NGC6656    M22              9.89   -7.55    3.2 
 Pal8       NA              14.11   -6.79   12.8 
 NGC6681    M70              2.85  -12.51    9.0  
 GLIMPSE01  NA              31.31   -0.10    4.2   
 NGC6712    NA              25.35   -4.32    6.9   
 NGC6715    M54              5.61  -14.09   26.5  
 NGC6717    Pal9            12.88  -10.90    7.1  
 NGC6723    NA               0.07  -17.30    8.7  
 NGC6749    NA              36.20   -2.21    7.9  
 NGC6752    NA             336.49  -25.63    4.0  
 NGC6760    NA              36.11   -3.92    7.4  
 NGC6779    M56             62.66    8.34    9.4  
 Terzan7    NA               3.39  -20.07   22.8  
 Pal10      NA              52.43    2.72    5.9   
 Arp2       NA               8.55  -20.79   28.6  
 NGC6809    M55              8.79  -23.27    5.4  
 Terzan8    NA               5.76  -24.56   26.3  
 Pal11      NA              31.81  -15.57   13.4  
 NGC6838    M71             56.75   -4.56    4.0  
 NGC6864    M75             20.30  -25.75   20.9  
 NGC6934    NA              52.10  -18.89   15.6  
 NGC6981    M72             35.16  -32.68   17.0  
 NGC7006    NA              63.77  -19.41   41.2  
 NGC7078    M15             65.01  -27.31   10.4  
 NGC7089    M2              53.37  -35.77   11.5 
 NGC7099    M30             27.18  -46.84    8.1  
 Pal12      NA              30.51  -47.68   19.0 
 Pal13      NA              87.10  -42.70   26.0 
 NGC7492    NA              53.39  -63.48   26.3
